Sample_id,Class_1,Class_2,Class_3,Class_4,Class_5,Class_6,Class_7,Class_8,Class_9,Class_10
1.000000000000000000e+00,2.213209808730979000e-01,6.047743238591735300e-03,2.873884316800667804e-01,5.712990248930914505e-02,1.146858873967065290e-01,7.640534978420272794e-02,1.905808598154939137e-01,1.014762908170869712e-02,1.307311416451217498e-02,2.322010147631038343e-02
2.000000000000000000e+00,5.345100282519440332e-02,1.242317733783044904e-03,1.655815700393171719e-01,1.940210513917442758e-01,2.257010159071978772e-01,1.099880199722723384e-02,2.296739662936645998e-01,2.446502205697402219e-02,8.146505173768711638e-02,1.340020001721025332e-02
3.000000000000000000e+00,6.524830152204317280e-01,6.270157019885566445e-03,5.622186098999594484e-03,2.989293614289353397e-03,1.042107605659642333e-01,1.776484992448399552e-02,6.387206865663774824e-02,7.931565840195284323e-02,2.610593036799017854e-03,6.486141746055593127e-02
4.000000000000000000e+00,9.311873268108931123e-01,2.052538207748982879e-02,9.854722822736044011e-03,8.269288115474237937e-05,1.233194954953484648e-02,9.905228080006639631e-04,7.358152598319392043e-03,7.637071990395469245e-03,8.676653477416374546e-04,9.164513113734293684e-03
5.000000000000000000e+00,8.567761195938707885e-01,8.168966082278359200e-03,7.213582956938251363e-03,2.888770452548932062e-03,6.865093764056136132e-03,6.738552318323176582e-02,7.246424297799836448e-03,2.355424730471294276e-02,1.890327778561089536e-03,1.801094458600189727e-02
6.000000000000000000e+00,3.315642367409948332e-01,2.465960012115722168e-03,7.845054222467772245e-03,1.464334374433018914e-02,2.535370439340196569e-01,9.050859143525022410e-02,6.604796273201286871e-02,2.201272758987394551e-01,7.444184695437341352e-04,1.251611281052553495e-02
7.000000000000000000e+00,2.492820529648311079e-01,1.074134691119831876e-02,3.542861502881989449e-02,1.027345939465813124e-01,3.321107953723928530e-01,1.043287331912189086e-01,7.732580701939188728e-02,1.809689339152636273e-02,5.195008569361189016e-02,1.800107648042761910e-02
8.000000000000000000e+00,6.032751347141297460e-01,3.455465248731277774e-03,9.303934508163132699e-04,1.213761717723419765e-02,1.923311146980886122e-01,9.226352514981986039e-03,4.699954429246677723e-02,1.023641153197560189e-01,3.509328760243431069e-03,2.577093382355167758e-02
9.000000000000000000e+00,8.310892827846233510e-01,8.692850670741797837e-04,1.901678856242846466e-02,2.423210443233689629e-03,7.680770366266946592e-02,1.978320276877209086e-02,2.307592241934946359e-02,1.559444601138896234e-02,1.787135139735938124e-03,9.553023140724479709e-03
1.000000000000000000e+01,6.804184643479873618e-01,1.886882211554470057e-01,1.670071248315255913e-02,7.602585273128419432e-03,2.021073846689824122e-02,1.296943200962921358e-02,1.505125958507796090e-02,3.272517158943356874e-02,1.102632107001739331e-02,1.460709401922825369e-02
1.100000000000000000e+01,7.904064707874867146e-01,7.766079477239720349e-03,8.355692035438417459e-03,2.058742576664703092e-03,6.684553630486063380e-02,4.067815931804084906e-02,5.872676838854871267e-02,1.751408719001253805e-02,3.773183999319338917e-04,7.271145521775738627e-03
1.200000000000000000e+01,3.691595783021583282e-02,6.887618071214001792e-04,1.313588064823116019e-01,9.436114911770512870e-02,3.830909663106585872e-01,3.282228677267520593e-03,1.476052335827673923e-01,6.762860821819220714e-02,1.666005625420941298e-03,1.334022823483394515e-01
1.300000000000000000e+01,8.725524047929793525e-01,5.208454755581670530e-03,2.071912878841468408e-02,1.725713695766615359e-03,1.664076837164187375e-02,3.201938173539918553e-02,1.439594093519391479e-02,2.998479063310023097e-03,4.661615518267498391e-03,2.907811234344509499e-02
1.400000000000000000e+01,2.010686664208722885e-01,2.328049069243011936e-03,1.641412694937092326e-02,1.778971742257328958e-01,2.297150858464462042e-01,8.647099324033112946e-03,1.803410424377566157e-02,1.910615500678755629e-01,1.735965098030710710e-02,1.374744928723432014e-01
1.500000000000000000e+01,3.409177673459913294e-01,1.562227532541794750e-02,1.165565291892021104e-03,4.004900912469020469e-01,9.593819106040449296e-02,8.198895670150652126e-02,3.759517077853158362e-02,9.711312923935266558e-03,1.538063970654391819e-03,1.503260535476437162e-02
1.600000000000000000e+01,4.510006767706868369e-01,2.754519831244237049e-02,1.640504602395039327e-03,3.113863641180370651e-02,1.201923197045582092e-01,2.276800421065687183e-02,8.613947645600086855e-02,2.196940850864796402e-01,2.346374961359262625e-03,3.753472348361712452e-02
1.700000000000000000e+01,3.618635469724513776e-01,3.258142074740362493e-02,1.925929383090875802e-01,2.460834182775147039e-02,1.998825743556570389e-01,6.767129028535244506e-02,5.328844565136377914e-02,2.062331212752512369e-02,2.969897481606087464e-02,1.718915490734668552e-02
1.800000000000000000e+01,9.529138108597541290e-01,7.498514199929008639e-03,1.827965221879567989e-02,4.652485707387387829e-05,2.058893423084145417e-03,1.541743507278586257e-02,1.460852404793803842e-03,4.910026782099471184e-04,2.500543409451494339e-04,1.583259944628338496e-03
1.900000000000000000e+01,1.641858692877557757e-01,8.410785990137104734e-04,4.719472214929089082e-01,1.313194521427001916e-02,1.276594544860596703e-01,1.031102248939467642e-01,4.580117721480435333e-02,4.470523725872126153e-02,6.960091516323303404e-03,2.165770003619611403e-02
2.000000000000000000e+01,6.411411221657058457e-01,2.746933180722787027e-01,9.690685835389612618e-03,1.089852862588275295e-02,1.222723279465452902e-02,1.591311590415935354e-02,2.416925957294275076e-02,1.299748572044690572e-03,5.535155330322776013e-03,4.431833126618924153e-03
2.100000000000000000e+01,8.381835773066368400e-01,6.924977833231024671e-02,4.134655062364887834e-02,1.444697566071321757e-03,5.153137975661916184e-03,9.274731235094178100e-03,2.258269047485538319e-02,1.964838586243445283e-03,1.785846870535183224e-03,9.014151028942447158e-03
2.200000000000000000e+01,4.029870887716402450e-01,5.224634735890877450e-03,2.034894710858444269e-02,2.012087357697646059e-02,1.795980082304693970e-01,2.575943140363868775e-02,1.909758381241212222e-01,6.679904448963866481e-02,1.443535065427030938e-02,7.375078290476969056e-02
2.300000000000000000e+01,7.944792513701077752e-01,3.333348821742949161e-03,1.550669105042238628e-02,3.110067151474311606e-02,6.870728468085567087e-02,2.270705151024397100e-02,1.878332367633885752e-02,1.997544896505594816e-02,1.074718242376631249e-03,2.433221016811275977e-02
2.400000000000000000e+01,4.293214923699212870e-01,1.509147365396441287e-01,1.429829311997677125e-03,4.313502507860890456e-02,2.105335298788303319e-02,6.764164580777536073e-02,4.997926096602024054e-02,2.144251194994618304e-01,1.530837327979292549e-03,2.056870011070816712e-02
2.500000000000000000e+01,7.408500785550108381e-01,3.892247007223940264e-02,5.962735872264020992e-02,2.412250156818990417e-03,2.185026648300603461e-02,2.463493459769764901e-02,1.775569971815463277e-02,7.881208020864190200e-02,2.137303984366152512e-03,1.299755750142406532e-02
2.600000000000000000e+01,2.413127478456241204e-01,5.402905389454846358e-02,5.692551913465346454e-03,3.291376662958530042e-01,1.657165620520724136e-01,4.707354404564527417e-02,6.313378645140972634e-02,7.611551452474316082e-03,3.353032964563849947e-03,8.293950308434348828e-02
2.700000000000000000e+01,1.791053276439370234e-01,4.868190325790157369e-02,3.246572858486371227e-01,9.043448869136201662e-02,8.075514000401678993e-02,1.142545271799488560e-01,1.174881836754317066e-01,5.911189986942493729e-03,1.832938570241010937e-02,2.038256800941226285e-02
2.800000000000000000e+01,3.836097546631598298e-01,1.345002342856767589e-03,2.473797404334896616e-02,2.464357730600835045e-02,2.060395463079688905e-01,2.758844143140706112e-02,5.024896372836516745e-02,2.321197374636473632e-01,2.557622436980312372e-02,2.409077834343447549e-02
2.900000000000000000e+01,4.805002032851722893e-01,1.542719735787002845e-03,8.244425117573915551e-03,1.779693488192764933e-02,1.187426280218683017e-01,5.964389975992334669e-02,3.407965850623068116e-02,1.743033291132383145e-01,7.999737004173605726e-02,2.514883153654242157e-02
3.000000000000000000e+01,8.159978083901522350e-01,2.585748689385702730e-03,1.603990224686607444e-02,3.269918901667814761e-03,8.996079066037816763e-02,3.165186489207654635e-02,2.097695845056955083e-02,1.475538176011306248e-02,1.759472050894118553e-03,3.002153957896639639e-03
3.100000000000000000e+01,4.116724578940438306e-01,3.462166219256175570e-02,4.673763471367499769e-03,2.974596552500938795e-01,3.583306283636365080e-02,5.708318806117287231e-02,3.353446526152502327e-02,2.003929506827694523e-02,1.548663426398567966e-03,1.035337865381959627e-01
3.200000000000000000e+01,8.981323266819740692e-01,1.375003360258283958e-02,1.446739363797603338e-02,7.179928502310381142e-04,1.211928465580492005e-02,2.209548781927710061e-03,1.632484933563291968e-02,3.696840465009731957e-03,2.529872310745188220e-04,3.832874275778622858e-02
3.300000000000000000e+01,6.975946373455361726e-01,2.487347790591905305e-02,9.118660798391646852e-03,4.687224279238634203e-03,2.394441400282204882e-02,1.196498411909146554e-02,1.077375949472834521e-01,8.307969029011696982e-02,2.145563750121645859e-03,3.485375256147900391e-02
3.400000000000000000e+01,4.237991056535515000e-01,2.032915022335023310e-03,6.135182315227007133e-02,3.658913237998710766e-02,1.358252064255418001e-01,5.869812219076295939e-02,4.104682679958460839e-02,1.211970021606394027e-01,7.898743263295834871e-02,4.047243358236914113e-02
3.500000000000000000e+01,2.318841665028194277e-01,2.088739117165484133e-02,1.914639246107092269e-02,3.868379974174757652e-01,1.036238668171542282e-01,5.291744239758293389e-02,7.692710548773736001e-02,2.093839426260252906e-02,1.020546845863323435e-02,7.663177502326870560e-02
3.600000000000000000e+01,3.730272554629393555e-01,1.251518760287204102e-02,5.391694669144585228e-02,1.639223305092109562e-01,4.694079801853477674e-02,2.789012347155683247e-01,9.874037232230998759e-03,3.297827665755707210e-02,9.526296972581463785e-04,2.697130341238249823e-02
3.700000000000000000e+01,8.395262093663206082e-01,1.240679983398697110e-02,5.594791325334142439e-03,4.584421425301152958e-02,1.772796016551274681e-02,1.526393055656925790e-02,1.917105986810527934e-02,2.298209649484151545e-02,9.547993922029629141e-04,2.052813874411519440e-02
3.800000000000000000e+01,9.130356533096307681e-01,2.293288365090069385e-03,4.094856163905816887e-03,6.154225066627543039e-04,4.726921325759304848e-02,1.125551791765390559e-02,8.075531706932011569e-03,6.320414705033828087e-03,1.297790835175737650e-03,5.742311232322160584e-03
3.900000000000000000e+01,9.388534424987501348e-01,8.268257428164789424e-03,7.461655842195313686e-03,1.136287852187762128e-03,1.345756144677582623e-02,7.508843520805032201e-03,2.626837565256455280e-03,6.868847486651857674e-03,1.174510852915997081e-03,1.264375550629695186e-02
4.000000000000000000e+01,4.503792851301390288e-01,7.273135339183328663e-02,1.318671736232746028e-02,7.195264538849364955e-02,2.008252917532675208e-01,1.023515211845115874e-01,4.278344357647411583e-02,2.262337675148449675e-02,8.610495802401725920e-03,1.455586965906713673e-02
4.100000000000000000e+01,7.857826821356900249e-01,5.298874644116895530e-03,9.543790633090257214e-03,4.589234644009529060e-03,4.439357228516114390e-02,6.224396453239260107e-02,2.131213415257188215e-02,3.082570683728654698e-02,3.099613118421484619e-03,3.291042701725962333e-02
4.200000000000000000e+01,7.082234511007573508e-01,1.055591103225379801e-01,1.475018255688849032e-03,1.498895896867102895e-02,5.704075583322276710e-02,4.025389446385680033e-03,2.982430745474443090e-02,5.265082546288731014e-02,7.673184768371641915e-03,1.853899838673285852e-02
4.300000000000000000e+01,2.594055725720659233e-01,5.222241143264298941e-04,2.883598903269839475e-01,2.415735811149340422e-03,3.955958071460772413e-02,1.149360102262586975e-01,2.577869794256619149e-02,1.452648689950904737e-01,1.872473182257547442e-02,1.050326874743758021e-01
4.400000000000000000e+01,5.802041808731449590e-01,5.867527621028057090e-03,9.557391820877400579e-02,2.970681601231791105e-02,5.122556614130595320e-02,1.348763417282833887e-01,2.109325847713579977e-02,5.630537464549767446e-02,1.510497061119995231e-02,1.004204568131212595e-02
4.500000000000000000e+01,7.076396849571582326e-01,3.051142153801977841e-02,5.102460347300351307e-03,5.522542043389273847e-02,5.909137415802208360e-02,1.182071866139971887e-02,7.602420185057720547e-02,1.252469516178932908e-02,9.158659872916190270e-03,3.290136301892455928e-02
4.600000000000000000e+01,4.392467121094060789e-01,5.026544699438335595e-01,1.700243391206464295e-03,3.438501820576279726e-03,2.059373563297885873e-02,1.651850841146387805e-02,1.101548953936050228e-02,2.731525714503126208e-03,7.912544803724876888e-04,1.309558956298627038e-03
4.700000000000000000e+01,6.892454181700639060e-01,2.138580293942506927e-01,5.741171079901433334e-03,9.810826145398281878e-03,3.475453884428131995e-02,1.514227007465659622e-02,2.057672862661011348e-02,1.451510795258570841e-03,3.896259081421676266e-03,5.523247788157405018e-03
4.800000000000000000e+01,8.864462671339772282e-01,3.049468920716606052e-02,8.659189231763730898e-03,3.342112686120194028e-03,2.310850937566539393e-02,2.092049930026178978e-02,1.448354940113849576e-02,1.994767531929307180e-03,9.497199235880849364e-04,9.600696208389901398e-03
4.900000000000000000e+01,2.910843610777237300e-01,8.527183249756551189e-03,1.159743010469629259e-03,1.600661506355304520e-01,5.825818752716037385e-02,1.793133449195949969e-01,1.203616835896871226e-02,2.744059975325966461e-01,2.715685644996248052e-04,1.487729512369941054e-02
5.000000000000000000e+01,6.321843851570857487e-01,3.866806884810398970e-02,4.157068581134132010e-03,6.970877486956299218e-02,5.073851015265725545e-02,6.933340734571280528e-02,6.897116710480942492e-02,3.887211268189704610e-02,1.594283942542770033e-02,1.142366583360881517e-02
5.100000000000000000e+01,4.043362114799273210e-01,4.239200234372126341e-01,1.395561012516824684e-01,1.960596299727718986e-03,5.725598636887568871e-03,1.765777721291143798e-02,5.219595261107302930e-03,2.894092209505841432e-05,7.744192327103446329e-04,8.207362657381330742e-04
5.200000000000000000e+01,2.836523848661283154e-01,1.243980483156258057e-03,3.905580778664884400e-01,6.000138261343148510e-02,1.418513360311464966e-01,7.216585767398550622e-02,3.262790096161218012e-02,8.333165028495039678e-03,6.407735861614196129e-03,3.158178613942090075e-03
5.300000000000000000e+01,1.683485156053126097e-01,7.501101376923580491e-03,5.255806045536350751e-03,3.815759629534670738e-01,1.176198649550657949e-01,1.359887920050066035e-01,1.575305947054286559e-01,8.342248699575411514e-03,7.022104730503582470e-03,1.081500892318038552e-02
5.400000000000000000e+01,4.867035439526656293e-01,6.710915700385860008e-03,5.244582942638267376e-04,3.545865380314505710e-02,2.271127057064821209e-01,6.720688280269865311e-02,5.057987067988722885e-02,9.936423413197896515e-02,3.872830116772391952e-03,2.246590481172033166e-02
5.500000000000000000e+01,4.876124250264860654e-02,3.457791813505716773e-03,7.538063935134273752e-01,3.973292482693236739e-03,6.716125741066195087e-02,7.538820707820219347e-02,2.114185601205655074e-02,3.806212330079702076e-03,2.050563806339524009e-02,1.998108793329470435e-03
5.600000000000000000e+01,1.415321801327831808e-01,4.268661464777068378e-03,3.676151220784630302e-01,8.812607823601359414e-02,1.975321807125413054e-01,4.361770832313160984e-02,8.974785510199929928e-02,1.306786284582043232e-02,2.640711791342163078e-02,2.808523319104881330e-02
5.700000000000000000e+01,3.759833009300599105e-02,4.015418016980926846e-03,6.524125793234873683e-02,2.545621058961937758e-02,3.475155065969245949e-01,3.255288574284934122e-02,1.515867852441452057e-01,3.475708482789970077e-02,1.678776572994676308e-01,1.333988636567584318e-01
5.800000000000000000e+01,8.911315995638104948e-01,1.875508539758754048e-02,2.508465611258444555e-02,6.659865384744913719e-04,1.975627698653104405e-02,4.828055366165565250e-03,1.139745866791171992e-02,1.332308139830258586e-02,4.861615419984164537e-04,1.457163842663362040e-02
5.900000000000000000e+01,1.058160790821429525e-02,1.765748902131269570e-03,4.825466879515500906e-01,9.388885658979164231e-03,2.374450859426263105e-01,1.760960584965259312e-01,1.340991841155902975e-02,5.042595882302862258e-03,5.658558935759418207e-02,7.137821488516921282e-03
6.000000000000000000e+01,6.753348534848789830e-01,7.008105597241712226e-02,3.379662616887946225e-02,5.531947667716580544e-03,5.194629699200593864e-02,5.918596283089171128e-02,5.497730744528358388e-02,3.219719575666026706e-02,2.770883847447576983e-03,1.417786983381879098e-02
6.100000000000000000e+01,6.976611092996427566e-01,5.113902338274098000e-03,6.055348833592382081e-03,8.872916623924741175e-02,5.563480334526969828e-02,3.604616291855181759e-02,6.064062390765902893e-02,1.589651350870464191e-02,3.545408588326583090e-03,3.067696102073155795e-02
6.200000000000000000e+01,7.538248527389936893e-01,3.916925205113969133e-03,3.512897052764383382e-02,1.015826910316795437e-02,8.241284519113847851e-02,1.865966518283828507e-02,1.241005964376758544e-02,1.021018422880096491e-02,1.360633794150622631e-03,7.191759438438449781e-02
6.300000000000000000e+01,2.145987140247294922e-01,6.454546944602508607e-02,1.826937088292065765e-03,2.851578593053056276e-01,1.055113540322499821e-01,2.149861712215666576e-01,4.109446960533057885e-02,5.347443838661761900e-02,7.235838574248990018e-03,1.156874831563387343e-02
6.400000000000000000e+01,9.572581473321436496e-01,7.357091814044148994e-04,1.649879629510930465e-02,2.718948370927270130e-04,7.554789149438451319e-03,2.935554755297840272e-03,4.030262130397525844e-03,6.076130223208955558e-03,2.175604615817132784e-04,4.421155634325454539e-03
6.500000000000000000e+01,1.432469700428102288e-01,4.754844905716683334e-03,9.351713523637693315e-03,1.931516683701692272e-01,2.822386267660722536e-01,1.647763512349658122e-01,1.120829167083361444e-01,4.596321289976861013e-02,2.864399791308502169e-02,1.578969763543837737e-02
6.600000000000000000e+01,7.468673849563461919e-01,1.319138945840110100e-01,2.112036668197439081e-03,3.069166438454121008e-03,4.379415177281976990e-02,5.008735972820350588e-03,1.634085299080294609e-02,3.153919547793597629e-03,2.252369734721388597e-04,4.751462009528244906e-02
6.700000000000000000e+01,7.527241322118033429e-01,7.879921252357504485e-03,3.362030847590938201e-03,1.474084364267004912e-02,1.354735974714937029e-02,6.113886225951017245e-02,9.560828282475824363e-03,9.608757668096216953e-02,1.832280657020535913e-02,2.263563850527522750e-02
6.800000000000000000e+01,1.174706400919271199e-01,1.414548522782572426e-01,2.056004589472162219e-03,4.472648795078265627e-01,1.533123059594825033e-01,1.913945355312988983e-02,9.559866969794000857e-02,9.237407322412962210e-03,2.674249393296434119e-04,1.419836206022175897e-02
6.900000000000000000e+01,2.502045517906777428e-01,3.789610755667329189e-01,1.686699959525228554e-02,7.985108297913345865e-02,1.511134576393072249e-01,7.355670063599256681e-02,3.512613216653898834e-02,2.350595034003181375e-03,2.645124084204764255e-03,9.324280508156835082e-03
7.000000000000000000e+01,7.662099082417545004e-01,1.208705176178104419e-02,6.062891649388211374e-02,1.565156826400578363e-02,6.306950315097664683e-02,1.638386174374027379e-02,2.357992544597849877e-02,2.262898791609790211e-02,1.562660098905620677e-03,1.819761688287768048e-02
7.100000000000000000e+01,8.896358234126848785e-01,2.945824313344242579e-03,7.674320927795484637e-03,7.431382835771006873e-06,1.222541493122955916e-02,1.924384267622048644e-02,4.244109703867493186e-03,5.021691462005164336e-02,3.022961121635600905e-04,1.350402191980682939e-02
7.200000000000000000e+01,5.813661318153973134e-01,8.732556800989662443e-03,7.465646330630931748e-03,2.287670646326623453e-02,2.474717753572018286e-01,3.318560761799294045e-02,2.871154029434968419e-02,4.827947001231590318e-02,4.227582019020825407e-03,1.768298328883476794e-02
7.300000000000000000e+01,4.258837136083751806e-01,1.106574843593728999e-02,4.538346231880004307e-03,3.472084531568567223e-02,2.296781280964764471e-02,1.942550467133771219e-01,1.407829603844746105e-02,2.412569907825801163e-01,4.159051738941280107e-03,4.707414832512819836e-02
7.400000000000000000e+01,3.154537536499040229e-01,1.932919403161116210e-03,4.597702823200406491e-02,1.188927696417949320e-01,2.279311042025290168e-01,5.212034484312862842e-02,1.628869359360902713e-01,1.502773984551567486e-02,2.275346605612195514e-03,5.750205764026004862e-02
7.500000000000000000e+01,6.159419389007052548e-01,1.155782033373475588e-03,1.668715639320317995e-02,1.020191794313916444e-03,1.745593901961271094e-02,6.502435567498371198e-03,1.648276006735829857e-02,3.078989011678414656e-01,6.138697638294993500e-03,1.071619741779830659e-02
7.600000000000000000e+01,1.572557593299997447e-01,3.766395485575696478e-01,3.709380938560346008e-01,1.819633615446343815e-03,5.157274086005504687e-03,5.784683729852228146e-02,2.048631388719409502e-02,1.077155908623387464e-03,7.228447414109043971e-04,8.056538719193486256e-03
7.700000000000000000e+01,7.060151818194111417e-01,6.737774497643053695e-02,1.556886611535616971e-02,1.335659954479937687e-03,7.722296750078383107e-03,1.534420681138257692e-01,6.193198104901162862e-03,3.779441037430424088e-02,1.313713970867408593e-03,3.236859820345295950e-03
7.800000000000000000e+01,1.233751577970420288e-01,8.896843276415827492e-03,4.569291303745847688e-01,1.323537967863070222e-02,1.344251768760822419e-01,8.598923477693976025e-02,7.733924467895857136e-02,1.014156468152225057e-02,6.962800690975769202e-02,2.004026095006627636e-02
7.900000000000000000e+01,3.036441592796016997e-01,1.416607745747984048e-03,1.088358996084045349e-01,1.486904126498074866e-02,1.994187845582660601e-01,1.367328034909099377e-01,3.774790787103796119e-02,7.022862126633837472e-03,1.375541442955372784e-01,5.275778975887992356e-02
8.000000000000000000e+01,5.929555935357720964e-01,2.714434514803343301e-02,2.452046852390953741e-02,2.124178376804644608e-02,7.886924924519440883e-02,2.827317354026331886e-02,5.164125758855710874e-02,4.170533737713845446e-02,3.609795389591662074e-02,9.755083737716854775e-02
8.100000000000000000e+01,1.129189173891060466e-01,1.201937577584630094e-02,2.729321876749138953e-01,1.231047581201252621e-02,5.804613244654448223e-02,2.939521261041820877e-01,3.218555803770600798e-02,1.777568683898610863e-02,8.558946586074286933e-02,1.022700740599596508e-01
8.200000000000000000e+01,8.171151452270961624e-01,1.178390391504191559e-02,1.177543794676087817e-03,1.159786341186578099e-02,2.104831148426630771e-02,2.363037214023253757e-02,5.694130480420649121e-02,4.785943049699747931e-02,4.974469815363260009e-03,3.871654910254010602e-03
8.300000000000000000e+01,7.845542704549368640e-01,4.890623832754633672e-03,9.068444048926625495e-04,2.229163414800728639e-03,3.030771383812503467e-02,7.750564532687400851e-03,5.569155686366640545e-02,6.237094911281119980e-02,2.502471980315111241e-02,2.627359374217397292e-02
8.400000000000000000e+01,6.873259251473083919e-01,1.304781266674124030e-01,9.594507087130077841e-03,8.033181597369697113e-02,3.344969473868235343e-02,2.080543632582663657e-02,2.054073892866373555e-02,7.266932501132081397e-03,2.600234290793652057e-04,9.946799201067913279e-03
8.500000000000000000e+01,2.607926797575011585e-02,1.316539585940968739e-03,5.302208847269200831e-01,4.736151284339316925e-02,7.717087499222834157e-02,9.020510312920489160e-02,5.324717312609623943e-02,1.059505673573695947e-02,1.521925014457986003e-01,1.161108543893064025e-02
8.600000000000000000e+01,7.847713117568865249e-01,1.146349477616052893e-03,1.139495438255313207e-02,1.119683581467678310e-02,7.276306986863703696e-02,4.586089615551929531e-03,5.754507042596492677e-02,2.587278174769829658e-02,1.211021471392253416e-03,2.951251543902300850e-02
8.700000000000000000e+01,2.165825774622742728e-01,1.584943924191388465e-01,1.677714815671617690e-02,3.856146396130762932e-01,1.226133285641034694e-02,2.175422921469599008e-02,1.619155217480115483e-01,1.282803590295388419e-03,5.650123837024066979e-04,2.475234255567872535e-02
8.800000000000000000e+01,7.743657486667339385e-02,2.134097550681169492e-02,3.789827785453295794e-01,2.769520109403438360e-02,1.651636839035504345e-01,1.609603418466444003e-01,4.773490599731500944e-02,5.544089620172771952e-03,1.336577021394308104e-02,1.017756784055252189e-01
8.900000000000000000e+01,2.376525785988611028e-01,8.216895479025779214e-04,2.292639289657059584e-02,2.241209375886933919e-01,8.486588189717569897e-02,6.888623571207599938e-02,2.903199586844496666e-02,2.926352493003496757e-01,5.320012952893052056e-04,3.852703729463673871e-02
9.000000000000000000e+01,6.373585731222770612e-01,4.929069707716282611e-03,2.131583311954348553e-02,5.256232545121723720e-02,5.867164150719283988e-02,5.151575640642891418e-02,5.710243466832613801e-02,8.963837289981768652e-02,6.527266441144534415e-03,2.037872667633585516e-02
9.100000000000000000e+01,5.760237215857598736e-01,1.178193933053644539e-02,3.689243803859969251e-02,3.585357794389829739e-02,7.342060373944671314e-02,1.026895488045965754e-01,2.956682929092071394e-02,2.716547117520153390e-02,3.964139136226263981e-03,1.026417309548139090e-01
9.200000000000000000e+01,3.495790929299126271e-01,8.377806889221831033e-02,2.401738730657002330e-01,2.522849396181540624e-02,1.233630504461018795e-01,6.521628121974089309e-02,7.594922265296230601e-02,1.698892725209393342e-02,9.955173936331163098e-03,9.767815643123187522e-03
9.300000000000000000e+01,8.251276810857615107e-01,7.199104713379750678e-03,9.769593417658064410e-03,8.375169089187113006e-04,6.653863186664446538e-02,6.472210397196266271e-03,3.258435522433354020e-02,1.701755683698409280e-02,4.654671842225039692e-03,2.979867770689866371e-02
9.400000000000000000e+01,9.108195521809365758e-01,4.901413018516388373e-03,1.850290882109258475e-02,1.419632961483959822e-03,2.822386625381732156e-02,1.026876711634299930e-02,9.532508497324324384e-03,8.338992688145223028e-03,1.473516964737519707e-03,6.518841497603107202e-03
9.500000000000000000e+01,6.836020770201048924e-01,1.960112139135313306e-02,5.170915473386617119e-03,1.477110033669819592e-02,1.888716751122875848e-01,1.562378318285473008e-02,5.059753578772045735e-02,4.270294968770201212e-03,8.425301467164946975e-03,9.066195259659225528e-03
9.600000000000000000e+01,7.591948167899466027e-01,6.568242524221834522e-03,6.181457973253376773e-03,4.049287077870941665e-02,1.777609980867599429e-02,5.670757787564576630e-02,3.296528769955884425e-02,5.071227553606252186e-02,2.213412676564797781e-03,2.718795833736080761e-02
9.700000000000000000e+01,6.190403175614398595e-02,3.349542826966322301e-03,3.712368988410926635e-02,3.440769764073427130e-03,4.170130826473849028e-01,3.243944414120896735e-01,4.459756355981085718e-02,3.402491411852602565e-02,6.955423864475039630e-02,4.597725386145278502e-03
9.800000000000000000e+01,1.673708969224817211e-01,2.066550335866573773e-02,4.627720112288771781e-02,3.003671910512427656e-01,1.514776353700522660e-01,1.292882008652352643e-01,8.666129522603817359e-02,7.590918369700998258e-02,1.220477150227970882e-03,2.076241523615835263e-02
9.900000000000000000e+01,4.905599270918140076e-01,1.352210763576440766e-01,2.056740814170273518e-02,1.199116621320472920e-02,1.678936483055028517e-01,6.484673159319370717e-02,8.543987455283694188e-02,1.370657878885608513e-02,5.368681742691899447e-03,4.404907212553074540e-03
1.000000000000000000e+02,3.039587323198124080e-01,5.752019878817549257e-04,3.263218925148644312e-01,3.108654516480611682e-02,1.384673957477156048e-01,4.566877648057605932e-02,4.413686047892086822e-02,7.342095914907278975e-02,1.355197310502551968e-02,2.281166305132440592e-02
1.010000000000000000e+02,8.145314061052605359e-01,3.206187147518651907e-03,7.830731555675558148e-03,2.031437547108182196e-03,9.682829113540396271e-02,6.444593117498216214e-03,3.160437856278318358e-02,1.083314212090090954e-02,4.639164091845150825e-04,2.622591629866619090e-02
1.020000000000000000e+02,1.714687220186417727e-01,8.394072992903177030e-03,5.401562765195324148e-03,3.253323704958276386e-01,2.003065234098695968e-01,6.701891077807518859e-02,1.190819185696011251e-01,3.941862609162512937e-02,1.597518846647373245e-02,4.760210441178724244e-02
1.030000000000000000e+02,4.775449159824391998e-01,7.473383449048831215e-03,9.351007063756399187e-03,2.817676465153957227e-02,1.962199010432033597e-01,7.486865657412974939e-02,6.250717322952017985e-02,2.036201660260932023e-02,6.530863847785532694e-02,5.818754292589806143e-02
1.040000000000000000e+02,6.547911277442587386e-01,9.675455464648114595e-03,2.825109875368624936e-03,1.448693031145461760e-02,9.097384591547855170e-02,6.597745125251898435e-02,5.037271074361222845e-02,9.307436058552190361e-02,3.857706574357726119e-03,1.396530153278049621e-02
1.050000000000000000e+02,3.471445958620644756e-01,1.166415858192652866e-02,7.025834359236962992e-03,4.399729717545037277e-01,1.156169346952158061e-01,1.339928063063848193e-02,5.732218541214828544e-02,3.878935981842769436e-03,1.248482866751721805e-03,2.726619855671315925e-03
1.060000000000000000e+02,7.096515726464985852e-01,9.483893223467129707e-02,2.249594344095683096e-03,1.318642746673199476e-03,3.521091060324099686e-02,1.167176654210851615e-02,7.190782823663669984e-03,1.308663000753920724e-01,4.473744716715099580e-03,2.527753266940897976e-03
1.070000000000000000e+02,6.422769849889393701e-01,1.224467962491886238e-03,3.932794800006935571e-03,2.672290131025699313e-03,1.715143130451573794e-01,2.149196980297397863e-02,3.474029656751623923e-02,1.005127199780650182e-01,1.116514755381798306e-02,1.046901517000553908e-02
1.080000000000000000e+02,9.552557089123455691e-01,1.633145281229357202e-03,1.919494317656841907e-03,5.174753652504536332e-03,6.334136173555694749e-03,7.540146018516527895e-03,1.006736234934963933e-02,7.572598581805932471e-04,7.908444938688127812e-04,1.052714894279240671e-02
1.090000000000000000e+02,2.173276892994274456e-01,3.338088672099774612e-02,3.903640645117968655e-02,2.721272529880116031e-01,2.195723964493452307e-01,4.755333235852844675e-02,9.892712209758522390e-02,2.108888728081447644e-02,5.390081034185026897e-03,4.559594531992507138e-02
1.100000000000000000e+02,5.245174485952429633e-01,1.241481490291042582e-03,3.510029641767568875e-02,6.661685726540227115e-02,4.535927510565507248e-02,4.179514156374939532e-02,6.039377950311178994e-03,2.531105737895472663e-01,4.598501358078112148e-04,2.575969768631720599e-02
1.110000000000000000e+02,3.165903148945268808e-01,5.398152772450644059e-03,4.009111997686028994e-01,5.807091610040841789e-02,6.267466713681653367e-02,3.958549205673263238e-02,3.652198390729585048e-02,5.328229606487513287e-02,9.165180114059567548e-03,1.779979718423147644e-02
1.120000000000000000e+02,2.871342319792872383e-02,8.072567933482547309e-01,3.864399588235858246e-02,4.423827416356744297e-04,2.069015064134220941e-02,8.770131887445600100e-03,6.252913910593058122e-02,1.787514796383719157e-02,7.124451423853100582e-03,7.954383807413570665e-03
1.130000000000000000e+02,8.803773344571650394e-01,1.009019680859022175e-02,3.501112320804107472e-03,1.274588494788870575e-03,1.293301269950705365e-02,3.323095378484833273e-02,1.119119377765632681e-02,3.396701992912817825e-02,5.909444322116265760e-03,7.525143405395581450e-03
1.140000000000000000e+02,6.437543623546196914e-01,4.956265027208518921e-03,2.679567935180799873e-02,4.882708421621534053e-03,6.658051328028916083e-02,1.805637593848415795e-02,1.005596516058867296e-01,7.588194577084256265e-02,1.048025261306411923e-02,4.805224563617553624e-02
1.150000000000000000e+02,9.343209572539044050e-01,6.759142921645704301e-03,2.166349049139895677e-02,2.516708925482192064e-04,1.460378918230377868e-02,5.602869195303955205e-03,4.150062592684331669e-03,8.922403075015317500e-03,8.059078410086798188e-04,2.919706554186611742e-03
1.160000000000000000e+02,5.842696797070525694e-01,1.114973186277110713e-03,1.162436630059203576e-03,1.040365398356232485e-01,4.903254202693453634e-02,3.552390870229642228e-02,1.030243708744695424e-01,1.003338290863583226e-01,8.243001631897914003e-03,1.325871831903123119e-02
1.170000000000000000e+02,9.267775825293080860e-01,7.384985983057805459e-03,2.219091080890894796e-02,1.464945328278962440e-03,1.395594845210029397e-02,5.595051361781714153e-03,1.143427195703423591e-02,2.971264155003201617e-03,1.860030418664078812e-03,6.365009005862812437e-03
1.180000000000000000e+02,8.477994867201399387e-01,3.191305830000872035e-03,8.064681175106676314e-02,1.965433615401451957e-03,1.201521100245571752e-02,8.834720942365984625e-03,9.236488765588756616e-03,4.877772303945582949e-03,3.775430920014466495e-04,3.105522597703347376e-02
1.190000000000000000e+02,8.528097278371766787e-01,2.934908648052090251e-03,1.109613955329672927e-02,1.482560977988598046e-03,9.907522418600267500e-02,6.197123214698427134e-03,1.459584056033699437e-02,3.951318002929225977e-03,2.363093192315775910e-04,7.620847700286884074e-03
1.200000000000000000e+02,6.289312191639886418e-01,6.290926551409481080e-03,1.387729716402826829e-01,2.950759867039183786e-03,6.791508448709113188e-02,7.890683200338474007e-03,2.137703205472206089e-02,7.188856891454872833e-02,3.803241316378133067e-03,5.017951280420155508e-02
1.210000000000000000e+02,8.364003756148360447e-01,1.095979834694120816e-02,9.627332963521504500e-03,1.457975144571830878e-03,1.474496748519318889e-02,2.204534731868090444e-02,1.750707160958253628e-02,8.176665816877710935e-02,2.039086178218216835e-04,5.286564730073902915e-03
1.220000000000000000e+02,9.276934710644735294e-01,7.436721878384930200e-03,2.424918160472552646e-03,1.116216684538157014e-03,2.090696909186441285e-02,4.527078439722029973e-03,1.640183321048822168e-02,4.083583933191400894e-03,5.719799521690298403e-04,1.483722758469570302e-02
1.230000000000000000e+02,2.779142590996062090e-01,3.288048731811071268e-01,8.877534063036918860e-03,1.309574709823231875e-01,9.967581424867917594e-02,3.813167247793907561e-02,3.123537744283613055e-02,1.560083510702934065e-02,2.407412648309559082e-03,6.639475074913334107e-02
1.240000000000000000e+02,8.938222641886828246e-01,8.929299720209336530e-03,5.787487523896813098e-03,1.198407090500177522e-03,2.987066064849198260e-02,1.291773329945503958e-02,1.312595791303901305e-02,1.456677196728605773e-02,8.026827957925998774e-04,1.897873485264616605e-02
1.250000000000000000e+02,1.029308643458542311e-01,4.271375200169839903e-03,4.238051182381452620e-01,2.048864046476796263e-02,2.389030143756464553e-01,4.729018738569640279e-02,1.318999263535826916e-01,1.395314824154350597e-02,4.963615942171074880e-03,1.149410945242250633e-02
1.260000000000000000e+02,3.007689200857405765e-01,1.526117702840543155e-02,2.484330725588424632e-02,5.540205681571188506e-02,3.054258028298891814e-01,9.679850513324583794e-02,1.188746294062112963e-01,1.793790395188329945e-02,3.696335332743341112e-02,2.772434416559478240e-02
1.270000000000000000e+02,6.818824039628740286e-01,1.512742431607956572e-02,2.141925914730479635e-02,6.704759308395058862e-03,9.381831017874245338e-02,8.081661067195629669e-03,5.890112936292677542e-02,4.175701009750816539e-02,5.466778915587734364e-03,6.684126364338580095e-02
1.280000000000000000e+02,9.434102236673730379e-01,1.695291093312317060e-02,1.330572344452576883e-02,1.596757276895232518e-03,3.941545978289770664e-03,8.030973792177424631e-03,5.038013071085978289e-03,2.734312238223968791e-03,2.332459549922790841e-04,4.756293643313343547e-03
1.290000000000000000e+02,1.685227491218587934e-02,2.861612048623707882e-01,1.923344312038595127e-01,1.272556289877265212e-01,1.232815538617789211e-02,1.982167134509452144e-01,4.322484444412819093e-02,3.585918074421606122e-02,6.139393638321288815e-02,2.637362962517696488e-02
1.300000000000000000e+02,4.340010153736805210e-01,5.072620134194006924e-01,9.275631568760160390e-04,7.527361273024288715e-03,6.524646148633411399e-03,5.281372788632636081e-03,3.476922618179615482e-02,9.028912371675610476e-04,1.156997841872888942e-04,2.688210636601341425e-03
1.310000000000000000e+02,2.319353306204168241e-01,8.830881207669151033e-04,1.842791755704550893e-02,3.818389618841244726e-02,5.157846591808972203e-01,1.154523423940845978e-01,6.690260015036300634e-02,4.330310004632262864e-03,7.124765380382212625e-03,9.750904029990745039e-04
1.320000000000000000e+02,6.697810245002958629e-01,1.365218001043923051e-03,3.093526739951934883e-03,7.650181796683137685e-04,1.073581597766369577e-01,9.697754062956788490e-03,1.065738981197779031e-02,1.439294418075144910e-01,8.535644314021931722e-04,5.249890268855180592e-02
1.330000000000000000e+02,7.411346767901161314e-01,5.099966413496428985e-03,1.447445558490574082e-02,1.059174333954524157e-02,5.196687882736344966e-02,3.062206962213704850e-02,4.953363175071206354e-02,5.095046627783801629e-02,2.573034867763533858e-03,4.305307652612231500e-02
1.340000000000000000e+02,1.425323830746737241e-01,1.759248995974880755e-02,1.087163842538143264e-02,5.265950340178491423e-02,3.204387406524799586e-01,6.476561656837073744e-02,9.604311098820778048e-02,1.447476990592913848e-01,7.095784703698734819e-02,7.939097083307392055e-02
1.350000000000000000e+02,7.759752034840565749e-01,2.440939520649076239e-02,4.811709662154779049e-02,1.011435207164770519e-02,7.211101193852861857e-02,1.977440028193672497e-02,2.868709442679331922e-02,3.175137453550881499e-03,2.036965308032579001e-03,1.559934320741505551e-02
1.360000000000000000e+02,1.360936310010164019e-01,1.475788628365793699e-02,4.470932666424414295e-03,4.822277477884357455e-01,1.308106038308046448e-01,8.474561761678119087e-02,5.049029880136899490e-02,6.775980766247588494e-02,1.384448116913717785e-03,2.725902623212104331e-02
1.370000000000000000e+02,2.016938022321959623e-01,1.311935608333421321e-02,1.869446477464085099e-01,1.864844428134521115e-02,1.626017305200790769e-02,5.137723718739716228e-01,2.718603926105433305e-02,2.788799047868971599e-03,1.758378368167356695e-02,2.002582740139742176e-03
1.380000000000000000e+02,1.015989497868401842e-01,6.416480803079405073e-04,5.554586162901798962e-01,4.370682498336322247e-02,2.172971692537737920e-01,2.958592655944647376e-02,3.550759784643790079e-02,1.357377627214770895e-03,9.502098828726698865e-03,5.343790743709173410e-03
1.390000000000000000e+02,6.467421060591209692e-01,1.189804352504040316e-03,1.294962877503385013e-01,1.835573969898764146e-02,8.304525539837889769e-02,4.897131252761625919e-02,3.575300820527155254e-02,9.069038084995640486e-03,5.902411589329793935e-03,2.147503633345668531e-02
1.400000000000000000e+02,7.715739904654703718e-01,1.429536865430025908e-02,1.414618724512333239e-03,9.123253117854742897e-03,2.556706144377379059e-02,2.693461178991513050e-02,1.828938862452373498e-02,1.093715209538795030e-01,1.009212432432930826e-03,2.242097379333703525e-02
1.410000000000000000e+02,7.323125709914238834e-01,1.857090334085453182e-02,3.960266085123842483e-03,1.347015933553572312e-02,5.483835917891775880e-02,2.872571168573294711e-02,1.878658533813663128e-02,1.116342793417153256e-01,6.320043563376591053e-03,1.138112113918274618e-02
1.420000000000000000e+02,5.453465500670063859e-01,4.202967806957702210e-03,8.244061985919206095e-03,1.162343871200742680e-02,5.820538905719532113e-02,4.749178198975706304e-03,1.229725661736506305e-02,3.130590233921087262e-01,8.572004196223295246e-04,4.141493374284215684e-02
1.430000000000000000e+02,2.056400209639403509e-01,2.634361624016879483e-02,8.628492082325744938e-03,2.666841190974619802e-02,4.178986187455611123e-01,4.323857843355138203e-02,1.667501083582678956e-01,8.809987950756507924e-02,1.145591217755005144e-02,5.276361581323464438e-03
1.440000000000000000e+02,8.948681517121039874e-01,3.517922208437068536e-03,4.249468294201268551e-03,1.788919646655876342e-03,3.883574233543292398e-02,6.704661352069284097e-03,2.574808356006945756e-02,1.732415684303895836e-02,2.848068533855857456e-04,6.678087194605618164e-03
1.450000000000000000e+02,2.083309889428968942e-01,3.050056548444472337e-03,7.850959222748354893e-02,5.331573774884162953e-02,2.533267062445789808e-01,7.024742781341541953e-02,1.513848326720172166e-01,2.992256827817172879e-02,1.976745818679279815e-02,1.321446313373572934e-01
